(26,207,21) (69,115,43) (113,212,48) (98,150,53) (84,250,55) (80,139,58) (75,71,150) (51,121,243) (28,204,186) (75,139,129) (123,219,134) (102,113,140) (82,147,135) (65,81,130) (48,22,70) (24,34,11) 
(52,112,23) (139,44,47) (226,140,85) (197,138,124) (169,183,136) (160,236,149) (151,175,150) (103,212,150) (56,165,143) (151,133,137) (246,159,104) (205,86,72) (165,102,124) (130,157,175) (96,78,108) (48,116,41) 
(30,200,26) (124,164,52) (218,169,123) (207,148,195) (196,110,218) (169,158,241) (143,182,149) (145,133,58) (147,114,101) (162,142,145) (178,198,75) (136,112,5) (95,19,113) (73,100,221) (52,17,146) (26,90,71) 
(9,111,57) (109,243,114) (210,189,134) (216,178,154) (223,138,160) (179,105,166) (135,120,103) (186,24,39) (238,125,84) (174,125,130) (110,124,66) (68,147,2) (26,113,67) (17,207,132) (8,130,106) (4,227,80) 
(19,3,88) (65,109,177) (110,166,145) (143,190,114) (177,162,103) (127,146,92) (78,172,56) (102,136,21) (126,237,68) (92,130,115) (57,26,57) (56,73,0) (54,80,21) (32,93,43) (10,72,66) (5,96,89) 
(30,55,89) (20,26,178) (11,161,141) (71,254,105) (131,144,105) (76,146,104) (22,137,120) (18,114,136) (15,178,133) (10,132,130) (5,113,79) (44,42,28) (83,80,41) (48,13,55) (13,79,104) (6,87,154) 
(62,191,89) (88,143,179) (114,201,138) (101,174,97) (89,15,107) (71,129,117) (53,118,184) (59,131,252) (65,232,198) (60,176,145) (55,252,100) (74,170,56) (93,188,62) (57,116,68) (21,145,143) (10,67,219) 
(94,97,102) (155,157,205) (217,179,140) (132,226,76) (47,143,131) (65,239,185) (84,118,173) (99,63,160) (115,131,128) (110,89,96) (105,166,81) (104,199,65) (103,155,53) (66,118,41) (30,84,128) (15,38,215) 
(133,41,115) (166,147,231) (199,135,143) (170,168,56) (142,92,155) (98,98,254) (55,52,161) (81,89,69) (107,143,58) (90,122,48) (73,125,61) (124,160,75) (176,117,45) (155,86,15) (135,38,113) (67,27,211) 
(172,85,87) (176,255,175) (181,174,136) (209,219,97) (238,109,147) (132,9,198) (26,91,117) (62,98,36) (99,140,49) (70,131,62) (41,134,63) (145,202,63) (249,120,65) (244,71,66) (240,37,88) (120,34,109) 
(145,46,59) (174,145,119) (204,90,128) (211,131,138) (218,117,140) (165,146,142) (112,207,73) (113,134,4) (114,191,40) (128,160,77) (142,80,64) (146,124,52) (151,92,85) (175,99,118) (198,7,63) (99,35,8) 
(118,81,91) (172,189,183) (227,154,178) (212,100,173) (198,151,169) (198,254,166) (198,178,101) (163,41,36) (129,120,46) (186,239,57) (243,140,67) (148,123,77) (54,149,100) (105,227,123) (157,111,68) (78,100,12) 
(90,91,124) (131,150,248) (172,239,228) (156,119,208) (139,134,199) (130,165,190) (122,213,129) (104,118,69) (86,11,53) (123,101,37) (160,121,70) (94,124,103) (29,155,116) (103,182,129) (178,111,73) (89,76,17) 
(62,100,107) (90,83,215) (118,93,185) (99,4,156) (81,78,127) (63,60,97) (46,164,98) (45,210,98) (44,74,68) (60,33,38) (77,120,94) (41,98,150) (5,164,129) (102,235,108) (199,164,116) (99,96,124) 
(116,227,91) (146,108,182) (177,48,143) (143,104,105) (109,116,55) (117,94,5) (125,175,66) (88,152,128) (51,42,84) (51,83,40) (50,231,119) (28,140,198) (5,169,142) (92,210,87) (179,215,159) (89,136,231) 
(170,76,45) (203,77,91) (236,94,71) (187,251,52) (138,98,27) (171,26,2) (205,95,33) (132,182,64) (59,62,42) (41,27,20) (24,80,59) (15,64,99) (6,114,71) (83,223,43) (160,167,79) (80,233,115) 
