11001111
00101011
11010100
00110101
11111010
00111010
01000111
11110011
11001100
10000001
11011011
10001100
10010011
10000010
00010110
00001011
00110100
00101100
11100010
10001010
10101001
11101100
10010111
11010100
00111000
10000101
11110110
01010110
10100101
10011101
01100000
01110100
11001000
00110100
10101001
11000011
01101110
11110001
10110110
00111010
01110010
10010001
11000110
00000101
00010011
11011101
00010001
01000111
00001001
11110011
11010010
10110010
11011111
01101001
10000111
00011000
11101110
01111101
01101110
10010011
00011010
11001111
00001000
11100011
00000011
10110001
10100110
01110010
10100010
01011100
10101100
00010101
11101101
01110011
00011010
00000000
01010000
00101011
01001000
01011001
00011110
00011010
00001011
11111110
10000011
10010010
00010110
01110010
00001111
10000100
00000101
00101010
01010011
00001101
00001101
01010111
10111111
10110011
11001001
01100001
00001111
01110101
01110110
11111100
11101000
10010001
11111100
00111000
10111100
01000100
10010001
11011011
01011110
10011101
11011001
11100010
00101111
11101111
01010100
00111111
01110011
01011001
01101001
11000111
01100111
01110110
00011110
00100110
00101001
11100111
10000111
00111000
01011100
11111110
00110100
01000101
10001111
00110000
01111101
01001011
01110101
00001111
00100110
11010011
10101100
11111111
10110101
11011011
11101110
00001001
00011010
01100010
01100011
10000011
00101001
11001010
11111001
01000111
11110000
00100010
00101110
01110111
01011010
10001010
01110101
10001110
11001111
00000100
10111111
01001101
01010000
00110100
01011100
01110110
00000111
00001000
01110110
10111101
11100011
01100100
11000110
11111110
11000110
00101001
10000001
11101111
11110011
01111011
00110110
11100011
10011101
01100100
01011011
11111000
11101111
11010000
10000110
10111110
11010101
01000101
00001011
00100101
01111001
01100111
10011011
10000001
01101111
00010001
00111110
01010011
01110110
00000100
01010001
00111100
00101110
11010010
00101100
00100001
01001101
01100010
00000101
11101011
11000111
01100000
11100011
10110110
00110000
01101001
01110100
00000101
10101111
10000000
00101010
00101000
11100111
11000110
10101001
01010111
11010111
11100111
10101010
01001101
11101100
11111011
10001010
00011010
11001101
10110110
00111011
00011011
00011000
01000000
00000110
11011111
10100000
11101001
