(0,57,6) (79,93,12) (88,140,68) (92,69,125) (11,114,98) (107,57,71) (31,52,57) (85,77,44) (20,216,30) (62,104,16) (92,15,31) (30,40,47) (17,111,83) (42,60,119) (58,13,110) (66,66,101) (20,214,106) (78,123,112) (25,229,127) (106,93,142) (71,3,111) (78,101,81) (93,216,127) (66,136,174) (94,142,126) (79,89,79) (53,110,125) (55,49,172) (18,52,109) (42,92,47) (62,194,48) (20,107,49) 
(183,106,37) (159,176,75) (135,112,110) (185,22,145) (235,56,119) (214,63,94) (193,42,98) (171,40,102) (150,161,89) (124,185,76) (98,67,77) (60,35,77) (23,105,95) (85,116,113) (148,106,132) (133,40,151) (119,134,122) (156,51,92) (194,139,99) (213,142,106) (232,114,107) (157,186,107) (83,202,148) (132,189,189) (181,155,142) (158,107,95) (136,80,153) (111,36,212) (87,64,123) (85,125,35) (83,152,49) (41,236,63) 
(91,194,69) (107,174,138) (175,112,152) (149,89,166) (216,28,141) (187,86,117) (216,16,139) (132,66,161) (77,205,149) (120,139,137) (117,33,122) (111,71,108) (40,161,108) (100,188,108) (185,255,155) (87,190,202) (175,234,137) (142,138,73) (164,135,72) (184,123,71) (161,126,102) (117,170,134) (117,219,169) (139,167,204) (129,185,158) (127,111,112) (109,70,182) (118,79,252) (126,46,138) (119,59,24) (46,56,51) (35,119,78) 
(81,141,65) (56,216,130) (32,138,137) (113,197,144) (195,126,112) (161,239,80) (128,127,89) (93,5,98) (58,102,99) (116,136,101) (174,117,98) (162,57,96) (150,143,129) (115,222,162) (80,204,157) (40,232,152) (1,189,145) (128,134,138) (256,137,143) (155,91,147) (54,150,122) (77,152,97) (101,143,128) (146,78,159) (191,94,151) (95,82,142) (0,81,163) (125,165,184) (250,83,99) (153,9,13) (57,71,33) (28,185,54) 
(40,157,61) (61,109,122) (33,29,122) (69,108,123) (182,40,83) (125,162,43) (124,248,39) (109,141,35) (153,64,50) (145,127,65) (120,243,74) (202,139,84) (137,135,150) (142,168,216) (144,108,159) (56,136,102) (24,159,153) (121,176,204) (238,191,214) (175,182,224) (135,231,142) (98,187,61) (170,126,88) (87,71,115) (120,32,144) (98,82,173) (103,10,145) (137,85,117) (152,112,60) (132,63,3) (77,36,16) (38,112,30) 
(117,65,84) (66,34,169) (16,81,150) (26,169,132) (36,141,108) (89,121,85) (142,163,107) (125,248,130) (109,107,87) (175,67,45) (242,110,55) (242,124,65) (242,147,108) (169,208,150) (97,143,162) (73,48,175) (49,168,165) (115,220,156) (181,208,141) (195,216,127) (210,192,127) (118,239,127) (27,104,142) (29,50,157) (31,105,179) (102,206,202) (173,104,184) (150,55,166) (127,128,103) (112,98,41) (97,115,65) (48,229,90) 
(58,71,108) (68,56,216) (22,93,179) (28,164,142) (98,236,134) (112,105,127) (83,38,176) (131,104,226) (94,50,125) (118,41,25) (141,7,36) (153,71,47) (138,121,66) (144,164,85) (108,208,166) (119,140,248) (55,246,178) (99,172,109) (100,205,69) (148,179,30) (212,84,112) (125,114,194) (80,1,196) (71,86,199) (95,135,215) (132,155,232) (154,146,224) (163,129,216) (97,249,147) (134,169,79) (165,97,115) (64,90,151) 
(111,26,112) (71,29,225) (31,83,157) (30,160,89) (29,132,110) (136,25,131) (244,52,166) (136,80,202) (29,51,138) (62,41,75) (95,68,85) (64,35,96) (34,89,125) (120,120,154) (206,135,140) (166,61,126) (126,120,103) (83,20,81) (41,126,81) (101,214,82) (161,122,103) (132,133,124) (104,93,146) (113,160,169) (122,143,169) (162,135,169) (202,130,164) (177,67,160) (153,171,162) (157,234,164) (161,124,126) (80,37,88) 
(55,4,117) (82,75,234) (123,51,135) (50,85,37) (25,109,86) (85,92,135) (207,67,156) (105,79,178) (81,35,151) (106,122,125) (160,189,135) (101,77,145) (19,80,184) (93,98,224) (122,154,114) (149,96,4) (72,153,28) (144,79,53) (58,68,94) (110,101,135) (113,59,94) (118,107,54) (130,79,96) (148,100,139) (71,144,123) (158,140,107) (154,175,105) (165,107,104) (102,135,177) (143,176,250) (184,128,138) (60,71,26) 
(47,75,81) (94,216,162) (141,125,93) (71,22,24) (1,98,88) (33,170,152) (66,145,152) (74,134,152) (82,132,127) (150,226,103) (218,118,136) (137,4,170) (57,35,201) (66,38,232) (76,80,142) (132,18,53) (189,120,84) (204,75,116) (220,91,120) (120,65,125) (21,98,79) (103,157,33) (186,88,102) (184,20,171) (183,109,148) (155,107,124) (127,92,123) (154,52,123) (181,143,175) (130,208,227) (79,156,123) (39,121,20) 
(23,83,45) (84,160,90) (137,211,51) (63,114,12) (68,91,91) (77,131,170) (60,210,148) (132,164,127) (129,136,104) (129,160,81) (220,55,138) (107,68,195) (127,19,217) (63,75,240) (103,113,171) (71,147,102) (206,235,140) (148,141,179) (160,156,147) (115,138,116) (120,114,64) (100,134,12) (177,98,108) (170,87,204) (123,168,173) (168,117,142) (142,35,142) (180,108,142) (174,179,173) (132,176,204) (115,169,109) (36,97,14) 
(59,107,71) (75,133,142) (91,142,112) (55,135,83) (19,122,84) (120,55,85) (222,149,110) (191,176,136) (160,160,143) (109,223,150) (59,159,183) (78,197,216) (97,143,224) (59,130,233) (22,143,202) (11,223,172) (0,161,141) (93,100,111) (186,155,127) (110,220,143) (35,137,104) (97,169,66) (160,122,112) (156,63,159) (153,122,134) (181,158,108) (209,93,95) (207,167,82) (206,155,153) (135,151,223) (65,113,173) (32,98,123) 
(29,215,97) (139,134,194) (95,89,174) (127,171,154) (136,207,77) (130,135,0) (173,155,73) (127,110,146) (81,107,183) (96,177,220) (138,164,229) (126,169,238) (93,226,232) (120,122,226) (23,109,234) (95,120,242) (31,86,142) (164,99,43) (127,145,107) (171,143,171) (98,47,145) (162,148,120) (189,158,117) (196,100,115) (117,101,95) (184,125,75) (219,12,49) (172,107,23) (166,125,133) (133,140,243) (156,37,238) (46,68,233) 
(212,134,58) (204,99,116) (196,146,126) (200,253,137) (204,180,111) (139,124,85) (75,111,89) (64,2,93) (54,99,121) (83,217,148) (112,147,182) (174,90,217) (237,104,192) (182,25,167) (127,57,197) (180,62,227) (233,106,166) (235,68,106) (237,153,148) (231,162,191) (226,114,152) (227,218,112) (228,168,134) (235,81,157) (243,105,145) (187,230,134) (132,153,73) (136,126,13) (141,169,105) (131,248,197) (122,156,210) (61,140,223) 
(106,225,19) (158,179,39) (222,146,79) (183,169,120) (171,139,145) (129,168,171) (161,163,106) (78,108,41) (126,70,59) (105,153,77) (159,118,136) (124,131,196) (238,78,152) (157,37,109) (70,32,160) (150,78,212) (123,208,190) (145,183,169) (228,238,190) (156,166,212) (231,31,158) (170,122,105) (126,215,152) (192,125,199) (218,10,196) (193,148,194) (120,244,98) (169,179,3) (154,180,77) (144,205,152) (158,199,183) (66,138,214) 
(112,150,20) (112,249,40) (112,193,52) (167,139,64) (223,138,119) (118,248,175) (14,181,106) (93,199,38) (172,124,42) (128,207,46) (84,172,97) (74,239,149) (65,85,121) (133,13,93) (201,45,115) (121,13,138) (42,170,125) (55,219,113) (69,201,169) (81,236,225) (93,105,185) (113,25,146) (133,129,137) (150,194,128) (167,98,152) (199,108,176) (232,143,92) (202,167,8) (172,175,90) (157,194,172) (142,202,164) (71,215,157) 
(56,129,20) (78,185,41) (118,240,25) (112,139,9) (188,26,94) (118,102,179) (17,114,107) (138,138,35) (195,20,25) (154,97,15) (59,126,58) (134,95,102) (35,10,90) (133,98,78) (225,122,71) (120,149,64) (131,242,61) (93,201,58) (152,111,148) (82,175,238) (157,131,213) (140,94,188) (135,85,123) (192,150,58) (202,83,108) (196,95,159) (184,55,86) (153,126,13) (148,159,102) (147,174,192) (142,203,146) (93,135,101) 
(38,122,58) (45,124,117) (52,172,64) (56,154,11) (61,113,92) (119,21,172) (177,111,157) (183,219,142) (189,95,120) (181,35,98) (174,74,118) (194,6,138) (215,102,123) (134,250,109) (54,149,95) (119,221,80) (185,185,85) (131,235,90) (78,194,167) (84,222,244) (90,153,229) (168,138,215) (247,178,179) (235,238,143) (223,116,123) (194,137,103) (165,116,83) (104,125,63) (44,158,110) (137,142,158) (230,156,151) (115,124,144) 
(19,237,97) (137,177,194) (114,172,104) (127,187,14) (115,253,90) (139,149,166) (204,93,207) (158,144,249) (172,108,215) (138,98,181) (146,132,177) (152,94,174) (156,143,157) (131,114,141) (57,5,119) (110,91,97) (141,43,110) (128,183,123) (162,208,186) (90,174,250) (117,123,246) (134,152,243) (173,251,236) (201,153,229) (169,8,138) (181,96,47) (128,150,80) (106,122,113) (25,207,118) (90,161,124) (185,156,156) (63,76,188) 
(242,140,64) (229,176,129) (217,192,81) (198,169,33) (180,165,94) (159,232,155) (138,180,201) (133,156,247) (128,151,212) (94,118,177) (61,110,138) (111,98,100) (161,107,146) (127,61,192) (94,55,128) (102,98,65) (110,148,126) (125,247,187) (141,159,162) (96,144,138) (51,110,149) (101,99,159) (151,155,147) (167,116,136) (184,85,94) (169,91,53) (154,115,83) (109,7,114) (64,137,145) (43,140,177) (23,137,173) (11,27,170) 
(121,149,32) (177,183,64) (186,251,58) (133,119,52) (115,6,98) (139,146,145) (123,240,195) (120,165,245) (84,225,209) (89,139,174) (91,94,100) (97,89,26) (99,129,135) (136,62,244) (47,58,138) (163,147,33) (170,205,142) (126,159,251) (145,37,139) (88,94,27) (84,77,51) (145,118,76) (147,155,59) (171,108,43) (110,127,51) (139,141,60) (144,213,87) (94,157,115) (140,194,172) (55,168,230) (69,226,191) (24,97,152) 
(219,94,25) (124,156,50) (30,121,59) (68,50,68) (106,80,107) (120,108,146) (135,153,150) (107,41,154) (80,156,159) (84,122,164) (88,115,123) (84,38,82) (80,106,165) (144,1,248) (209,128,142) (224,230,37) (240,151,136) (128,149,236) (16,117,156) (81,118,77) (147,88,69) (189,144,61) (232,113,43) (175,36,26) (119,108,33) (110,135,40) (101,163,108) (79,217,177) (58,188,181) (67,115,186) (76,142,186) (38,136,187) 
(109,72,18) (185,76,36) (38,30,60) (146,103,84) (142,157,115) (153,164,147) (152,224,105) (115,139,63) (66,239,109) (115,183,155) (128,206,147) (131,188,139) (166,256,195) (113,171,252) (207,224,146) (128,176,41) (236,20,131) (107,123,221) (88,165,174) (87,115,128) (156,13,87) (109,120,46) (219,117,28) (140,131,10) (177,137,15) (131,97,20) (64,89,130) (127,179,240) (121,226,191) (103,164,142) (151,92,182) (25,83,223) 
(251,63,25) (245,46,51) (240,100,102) (224,178,154) (209,188,129) (186,170,104) (164,115,98) (123,53,92) (82,135,124) (146,168,157) (210,158,165) (178,253,173) (147,190,178) (82,205,183) (18,179,161) (31,232,138) (45,118,144) (87,161,149) (129,186,144) (94,165,138) (59,130,133) (29,206,129) (0,201,127) (105,236,125) (211,131,126) (153,27,126) (96,93,172) (175,185,218) (255,183,161) (140,226,105) (26,114,143) (13,104,182) 
(125,136,33) (209,125,67) (207,147,145) (182,143,224) (105,248,143) (191,146,62) (158,14,92) (181,56,122) (79,81,140) (174,125,159) (228,7,183) (181,119,208) (158,47,161) (130,135,115) (125,58,175) (87,111,236) (70,60,157) (103,168,78) (162,255,113) (82,192,149) (134,139,180) (80,188,212) (81,247,226) (162,200,241) (203,124,237) (189,75,233) (86,74,214) (167,93,196) (136,97,132) (99,131,69) (97,35,105) (19,91,141) 
(212,90,75) (174,174,150) (136,82,149) (140,1,148) (144,152,109) (197,152,70) (250,70,125) (239,76,181) (228,134,173) (202,247,166) (176,156,145) (184,170,124) (193,154,139) (178,233,154) (164,137,198) (143,96,242) (122,92,149) (120,196,56) (119,195,102) (70,210,148) (22,156,138) (132,162,129) (242,206,137) (219,195,145) (197,111,187) (225,77,230) (253,63,202) (158,18,174) (64,74,110) (57,169,46) (51,148,65) (25,225,84) 
(106,51,116) (172,103,233) (159,7,153) (136,109,73) (182,209,76) (169,131,79) (187,38,159) (193,85,240) (160,135,206) (132,168,173) (132,203,107) (133,184,41) (194,168,117) (138,204,194) (209,162,221) (148,98,249) (120,18,142) (178,116,35) (124,120,91) (95,144,147) (76,116,96) (103,184,46) (240,222,48) (155,137,50) (138,51,138) (165,109,227) (239,85,190) (177,67,153) (108,14,88) (141,119,23) (89,166,25) (71,136,28) 
(150,83,107) (170,183,214) (191,164,139) (132,220,63) (74,168,100) (142,125,137) (210,109,166) (148,92,195) (87,116,143) (63,89,92) (40,172,91) (81,195,90) (123,155,100) (98,254,109) (73,197,153) (154,118,197) (236,95,152) (235,130,107) (235,123,114) (119,130,122) (4,153,90) (75,238,58) (147,147,46) (92,80,35) (37,128,130) (106,226,226) (176,120,197) (196,153,169) (217,90,102) (225,128,34) (233,149,66) (116,154,97) 
(75,101,98) (163,155,196) (140,247,125) (138,163,54) (70,121,124) (152,171,195) (233,183,173) (141,127,151) (85,151,81) (102,172,11) (143,202,75) (93,143,140) (148,4,82) (73,187,25) (156,254,85) (115,140,146) (154,117,163) (193,140,180) (219,112,138) (157,104,97) (25,128,83) (122,105,70) (77,49,45) (137,87,20) (50,158,122) (144,147,225) (182,17,205) (179,108,186) (206,67,116) (189,100,46) (144,151,106) (88,136,167) 
(212,50,90) (157,89,181) (102,129,112) (144,67,43) (187,170,108) (163,256,174) (139,183,139) (135,84,105) (131,138,61) (141,246,17) (151,160,82) (104,173,147) (58,167,94) (48,239,42) (38,153,87) (76,72,133) (115,115,161) (151,203,189) (187,148,166) (194,46,143) (202,98,108) (168,7,74) (135,82,54) (183,63,35) (232,164,125) (183,188,216) (134,135,158) (162,195,101) (190,126,89) (154,55,78) (119,168,137) (59,241,197) 
(106,12,83) (121,99,167) (143,113,99) (130,151,32) (187,237,93) (178,183,154) (85,209,106) (142,126,59) (136,71,41) (152,99,23) (106,19,89) (137,122,155) (52,252,107) (57,137,59) (24,49,89) (75,90,120) (142,69,159) (132,142,198) (125,232,193) (150,131,189) (118,214,134) (140,135,79) (122,212,64) (140,173,50) (200,250,129) (145,145,208) (67,143,112) (132,150,16) (132,189,63) (116,149,111) (123,227,169) (52,131,227) 
(120,49,41) (85,185,83) (50,121,49) (116,188,16) (183,114,46) (193,31,77) (203,95,53) (150,141,29) (97,68,20) (164,62,11) (232,31,44) (170,46,77) (108,77,53) (66,10,29) (25,57,44) (74,170,60) (124,75,79) (114,64,99) (105,82,96) (105,35,94) (106,89,67) (112,110,39) (119,122,32) (97,168,25) (75,104,64) (108,1,104) (141,54,56) (103,74,8) (66,97,31) (77,128,55) (89,102,84) (44,56,113) 
