00111001
00001100
10001100
01111101
01110010
01000111
00110100
00101100
11011000
00010000
00001111
00101111
01101111
01110111
00001101
01100101
11010110
01110000
11100101
10001110
00000011
01010001
11011000
10101110
10001110
01001111
01101110
10101100
00110100
00101111
11000010
00110001
10110111
10110000
10000111
00010110
11101011
00111111
11000001
00101000
10010110
10111001
01100010
00100011
00010111
01110100
10010100
00101000
01110111
00110011
11000010
10001110
11101000
10111010
01010011
10111101
10110101
01101011
10001000
00100100
01010111
01111101
01010011
11101100
11000010
10001010
01110000
10100110
00011100
01110101
00010000
10100001
11001101
10001001
00100001
01101100
10100001
01101100
11111111
11001010
11101010
01001001
10000111
01000111
01111110
10000110
11011011
11001100
10111001
01110000
01000110
11111100
00101110
00011000
00111000
01001110
01010001
11011000
00100000
11000101
11000011
11101111
10000000
00000101
00111010
10001000
10101110
00111001
10010110
11011110
01010000
11101000
00000001
10000110
100000000
01011011
00110110
10011000
01100101
01001110
10111111
01010010
00000000
10100101
11111010
00001001
00111001
10111001
10011101
01111010
00011101
01111011
00101000
00101011
11111000
00100011
01000000
01000001
11110011
01010100
10000111
11011000
01101100
01100110
10011111
11001100
10111111
11100000
11100111
00111101
01111110
01110011
00100000
10101101
00001010
01110101
01110000
00000011
00100100
00011110
01110101
00100010
00010000
10101001
00100100
01111001
10001110
11111000
01101101
01000011
11110010
01111100
11110010
11010000
01100001
00110000
00110001
11011100
10110101
11011000
11010010
11101111
00011011
00110010
00011111
11001110
10101101
00110111
01111111
01100010
01100001
11100101
01000111
11011000
01011101
10001110
11101100
01111111
00100110
11100010
00110010
00011001
00000111
00101111
01111001
01010101
11010000
11111000
11110110
01101101
11001101
00011110
01010100
11000010
00000001
11000111
10000111
11101000
10010010
11011000
11111001
01001111
01100001
10010111
01101111
00011101
00011111
10100000
00011101
00011001
11110100
01010000
00011101
00101001
01011111
00100011
00100010
01111000
11001110
00111101
01111110
00010100
00101001
11010110
10100001
10000101
01101000
10100000
01111010
10000111
11001010
01000011
10011001
11101010
10100001
00100101
00000100
11101010
00110011
00100101
01101101
10000111
01000011
10110010
00100011
01111101
10111101
10010001
01010000
11100000
10011010
00000100
10011001
00110101
01000100
10000111
00111011
00110110
01001111
10001011
10010000
01101011
10101111
01101000
10000111
11111010
10000000
00011010
00101111
11011000
10001101
00010110
00000001
10101010
01000010
10000110
01010010
11100010
11011010
00000100
00111001
00100110
01001100
00010010
10111101
01001011
11011100
01000001
00010101
10011101
10111010
00010100
10110111
01101011
01111111
00110100
10110101
11010000
01001111
01111001
01010011
01011010
11010011
00001100
01011011
10101010
11010010
01111111
10001000
01010001
00110111
11000011
00010011
11110000
01110001
01100110
11101011
10110011
10011100
01110100
01110010
00001100
01100010
11001100
10101000
10001110
00100011
10001110
10110011
11001100
10101001
00001110
00111011
10000101
01011011
10000111
00010011
00110111
11011110
10110000
10100000
11011111
00111011
11000101
01100001
10000010
00010110
11011111
00000000
01100100
10111010
11011100
00100011
10101001
10100000
00111111
10011001
10011110
11010001
10100111
11001110
10010111
01000001
01100010
11010111
11000010
01011001
10011010
11001111
00000000
10011011
10010010
01101011
11011100
10100100
11101110
11100010
11100010
01101101
11110010
01010110
00101011
10010001
10101011
00101111
01111000
10011110
01110011
01100101
01001011
00001100
00010111
01111101
11110011
00100101
11101001
11010100
01100011
11000100
11111101
11001100
01111100
01001011
00000010
00110110
11011001
01110000
01011010
11101101
00011001
01111111
00111110
11101001
01000100
11101101
10100010
11100010
11011010
11100100
01010001
11110011
11100110
10000100
01111110
10001101
11111000
01111010
10001100
11100001
00100111
10010010
01111000
10001011
10101011
10100011
00101001
01000110
01001101
01110110
11000100
01001110
01101101
00100000
11010100
11010000
10101001
11101110
11010100
00011111
01101001
11010111
11000111
00001010
11000010
11110100
00000011
10110100
10011000
11000111
11010110
01110000
11111001
01110000
10001011
11011111
11111000
00001110
11000111
10101100
11001111
01010100
11101111
01000001
00001101
11001001
00001101
00101010
11011011
01000101
11101100
01011101
00011001
10000101
11000010
10100111
01101100
11101000
10100111
10101100
11000010
10001110
11010111
10000001
00101001
11110000
00001001
00011010
10110011
01110010
00100011
00010100
00001111
01111110
01100110
00001010
01001110
01111010
01000000
11110010
00111010
01101111
11101110
10000011
10111100
01010101
00111010
01010011
10011111
00110111
00001101
10011111
11000000
11001011
01100101
00100110
01111100
00110100
10011010
00111101
00010101
10110001
11011011
10111101
00100011
10101110
00000110
11010111
11111010
00110110
11011101
10111001
11101011
01001110
11011110
01011010
10001010
11110111
11101110
11011111
10001001
10100101
01111101
00101100
10001110
11100110
01111100
11101101
11000010
10101100
00001110
11111101
10100110
01011101
11111001
01101100
10110101
10000100
10101110
10001111
10001101
00000101
01100001
00101011
01111011
11010000
11111010
01111011
11110011
11111011
11100101
00001000
00101111
10010110
01110001
11001111
01111100
10011100
10111100
11110010
10110000
11011001
10101001
10110100
11101000
10001010
10011100
10000000
01110110
00111101
01100010
10100001
00111101
01011110
01100010
01101110
11110111
10001101
10010000
00110011
01100011
10010111
01110100
10111000
01011011
10011010
00000111
01000000
10001100
00010111
00011011
10010101
01000000
11111011
00110100
00000110
10010001
11110000
11110101
11100001
10101110
01011110
00011010
10000001
11110100
00111010
00100001
11001101
11111011
00100101
00011011
01001101
01001100
10011011
00101011
01111111
00111100
11010101
01110011
11000010
11100110
11100010
10011000
11011011
10011100
00011110
00110010
01101010
01101100
10000111
00101001
01010000
01111010
01011000
00100110
01010000
00000001
11010001
11100110
11110000
10010101
00010000
01110110
10010011
10010000
11101000
00100100
01110111
10000111
01100101
11011001
00111010
01110011
01001100
10001000
01001000
00100100
00011110
01010100
10011101
10010011
11100000
00111111
11101111
10011011
11001110
10001011
100000000
11111100
11100000
00101001
00010100
11011101
10100101
10000000
00001101
00101110
01110101
00001010
10001001
00010100
01011001
11110000
11100010
10001110
01011100
11011111
11111011
00101110
11110000
10110010
11010001
10101010
10100100
00110101
01010010
10101000
11010010
11111101
10010011
11001101
00010010
11101000
00101101
10100001
10000001
10100101
00111011
11001110
00000000
11101100
11010011
00011011
01100000
10111001
11111111
11100010
00011010
01101000
10001000
01000011
10010011
11100000
11111000
00111110
00001110
01111010
01010001
10011111
00000111
11010000
00101111
01110011
00111010
11101100
00111100
01001110
11111111
10010101
10001011
11010100
11110111
11110001
01111100
11101001
01001010
11000100
01100001
01000101
00100011
10001101
11010100
10101110
10001000
00000001
10010000
10011000
11111010
01001100
11100100
11110111
10110000
10101010
11000001
11101001
10100100
01100000
01111010
11000100
01110111
11010010
00010110
10100010
11110010
11000011
11000101
01001101
11111101
00010010
01000000
10101001
00110011
11100001
00110011
11101001
00000111
01001001
11010001
01001111
00100110
11110000
10000111
10101101
11001011
00101001
10101000
11000010
10100010
11111001
00010010
00100011
01111000
10010011
01110100
00101110
11011110
00110010
00110011
11100011
01010101
10011001
00001110
00010111
10100110
00011100
10010110
10110111
10111111
11011100
01001010
01111101
11010010
01011100
01010111
01011001
00101000
11000011
01111011
11111110
01001001
01110110
11101100
10000010
11101011
10000010
00000100
11101110
10010011
01010000
00100101
11100010
10110000
10011001
11011001
10000000
11101001
10011010
01100101
11000100
11110111
00110110
01111001
11000011
10110111
10010111
10010111
00001011
11001010
10001100
00000100
00011001
11111110
10010010
01110101
10110100
01110000
01100001
10000000
01000110
00110001
00010100
10011110
11100001
00010001
10111010
01000011
00101110
10010111
10100111
11010100
01011001
01100110
01000011
10111011
100000000
10001011
01010100
10000011
11110110
10010111
10101101
00111010
11101111
00100110
01001000
01110011
11001011
10111011
00101110
11001010
00000111
10000111
00111111
11101000
10111100
10000110
11000011
10111110
00110111
01110111
11110001
00001100
10100111
01110001
00100000
11101101
10011010
11010001
00111011
01000111
00010111
00010011
10011011
11111100
00111011
00110001
01111000
01000101
11000110
11101000
10111101
11010110
01001111
11010100
00110010
11111010
11010000
10001111
00010000
10111101
01101111
11100011
11100011
01111000
10111001
00110010
10111100
10110111
00011111
11001011
10001101
01100001
00111110
11101000
00101110
01101100
00001010
00011001
10101010
01111100
01000000
01101001
00100011
01101010
01101110
01110111
10101000
01001011
00000001
10001101
01001010
01000010
10000000
01011001
00111000
